Stations_id;Bezugszeitraum;Jan.;Feb.;März;Apr.;Mai;Jun.;Jul.;Aug.;Sept.;Okt.;Nov.;Dez.;Jahr;
         3;1981-2010;        63;        85;       118;       164;       195;       198;       210;       192;       149;       119;        70;        51;      1614;
        44;1981-2010;        39;        69;       107;       170;       215;       195;       210;       197;       138;       105;        57;        32;      1534;
        73;1981-2010;        46;        70;       106;       173;       220;       214;       241;       223;       140;        97;        45;        39;      1614;
        78;1981-2010;        46;        73;       107;       164;       203;       189;       203;       188;       136;       105;        52;        37;      1503;
        91;1981-2010;        40;        69;       106;       165;       196;       197;       211;       197;       138;        92;        38;        29;      1478;
       142;1981-2010;        62;        87;       126;       171;       208;       210;       235;       217;       158;       112;        61;        47;      1694;
       150;1981-2010;        43;        73;       123;       186;       215;       219;       239;       227;       153;        88;        48;        36;      1649;
       151;1981-2010;        44;        77;       113;       169;       206;       203;       226;       212;       152;       107;        45;        34;      1588;
       164;1981-2010;        52;        72;       124;       186;       238;       219;       243;       217;       158;       115;        51;        40;      1714;
       183;1981-2010;        45;        65;       130;       206;       272;       252;       277;       242;       171;       117;        54;        38;      1869;
       198;1981-2010;        51;        73;       112;       172;       215;       207;       218;       204;       144;       103;        49;        38;      1586;
       217;1981-2010;        74;        92;       127;       162;       198;       197;       227;       208;       154;       121;        74;        57;      1691;
       232;1981-2010;        63;        84;       128;       177;       207;       219;       246;       222;       158;       109;        58;        47;      1720;
       243;1981-2010;        44;        69;       114;       178;       221;       195;       207;       194;       140;       103;        51;        37;      1553;
       257;1981-2010;        50;        73;       113;       164;       193;       212;       232;       216;       154;       100;        54;        35;      1596;
       259;1981-2010;        51;        74;       124;       163;       194;       217;       238;       222;       158;       104;        54;        37;      1636;
       282;1981-2010;        51;        80;       113;       173;       208;       211;       227;       214;       157;       106;        49;        39;      1626;
       298;1981-2010;        45;        65;       120;       190;       254;       231;       251;       216;       156;       110;        52;        35;      1725;
       320;1981-2010;        43;        69;       108;       174;       208;       207;       229;       217;       157;       109;        46;        35;      1600;
       330;1981-2010;        46;        83;       118;       170;       199;       203;       223;       214;       158;       108;        52;        36;      1610;
       377;1981-2010;        50;        84;       127;       176;       211;       224;       241;       226;       168;       104;        60;        40;      1711;
       400;1981-2010;        51;        73;       118;       183;       226;       217;       234;       216;       150;       114;        54;        40;      1676;
       403;1981-2010;        55;        75;       120;       187;       229;       217;       241;       220;       159;       121;        59;        43;      1726;
       427;1981-2010;        53;        75;       116;       185;       234;       220;       238;       219;       158;       118;        56;        42;      1714;
       430;1981-2010;        51;        70;       114;       181;       227;       216;       239;       220;       152;       116;        55;        41;      1682;
       433;1981-2010;        52;        74;       117;       181;       229;       219;       243;       220;       157;       119;        54;        40;      1706;
       435;1981-2010;        54;        75;       118;       184;       231;       219;       239;       220;       158;       119;        57;        43;      1717;
       450;1981-2010;        32;        66;       103;       164;       191;       199;       221;       200;       135;        90;        39;        22;      1462;
       502;1981-2010;        40;        72;       110;       160;       206;       204;       232;       219;       156;        98;        47;        30;      1571;
       591;1981-2010;        46;        69;       110;       178;       230;       207;       227;       208;       149;       110;        53;        35;      1622;
       596;1981-2010;        48;        69;       122;       189;       252;       228;       243;       218;       155;       117;        57;        39;      1736;
       614;1981-2010;        39;        66;       102;       159;       195;       190;       202;       189;       131;        90;        40;        29;      1432;
       648;1981-2010;        39;        64;        97;       158;       213;       189;       209;       201;       137;       100;        48;        31;      1485;
       662;1981-2010;        52;        74;       112;       172;       221;       215;       220;       209;       149;       112;        54;        40;      1630;
       691;1981-2010;        47;        71;       107;       170;       214;       193;       205;       193;       143;       108;        54;        40;      1545;
       701;1981-2010;        46;        70;       111;       174;       222;       196;       211;       196;       142;       104;        52;        37;      1561;
       722;1981-2010;        64;        78;        94;       148;       186;       169;       181;       176;       122;        96;        50;        55;      1417;
       755;1981-2010;        52;        76;       120;       177;       202;       200;       226;       220;       162;       105;        53;        38;      1628;
       807;1981-2010;        46;        77;       112;       171;       207;       207;       226;       214;       154;       106;        48;        34;      1602;
       817;1981-2010;        40;        71;       106;       163;       193;       193;       208;       194;       135;        93;        39;        30;      1465;
       850;1981-2010;        48;        71;       105;       160;       215;       198;       216;       206;       144;       106;        52;        35;      1553;
       853;1981-2010;        69;        82;       113;       167;       209;       197;       218;       208;       150;       124;        64;        56;      1656;
       863;1981-2010;        49;        72;       100;       152;       187;       178;       190;       178;       131;        97;        48;        38;      1420;
       867;1981-2010;        47;        75;       109;       166;       204;       200;       216;       204;       149;       104;        46;        39;      1559;
       880;1981-2010;        57;        75;       120;       184;       231;       220;       239;       225;       159;       122;        61;        48;      1741;
       891;1981-2010;        50;        75;       121;       185;       236;       212;       227;       210;       150;       111;        58;        38;      1672;
       963;1981-2010;        45;        72;       108;       166;       208;       191;       205;       193;       139;       107;        51;        37;      1522;
       979;1981-2010;        43;        74;       108;       165;       194;       197;       213;       198;       139;        95;        43;        31;      1500;
       982;1981-2010;        53;        79;       119;       168;       202;       212;       234;       215;       152;       100;        52;        38;      1624;
      1001;1981-2010;        56;        75;       115;       178;       220;       209;       230;       215;       153;       119;        58;        45;      1673;
      1048;1981-2010;        61;        77;       112;       172;       218;       200;       224;       212;       150;       119;        61;        53;      1659;
      1072;1981-2010;        47;        79;       123;       175;       207;       218;       237;       220;       160;       103;        52;        37;      1658;
      1078;1981-2010;        55;        76;       112;       165;       199;       193;       208;       191;       139;       111;        57;        44;      1550;
      1103;1981-2010;        69;        90;       126;       167;       200;       197;       222;       208;       158;       120;        68;        50;      1675;
      1107;1981-2010;        46;        77;       113;       170;       205;       205;       224;       212;       154;       105;        48;        34;      1593;
      1197;1981-2010;        46;        74;       117;       165;       186;       196;       218;       201;       157;       103;        51;        34;      1546;
      1224;1981-2010;        52;        80;       122;       165;       199;       220;       242;       229;       163;       107;        60;        39;      1678;
      1266;1981-2010;        43;        66;       112;       179;       232;       209;       225;       211;       145;       104;        54;        36;      1616;
      1270;1981-2010;        60;        78;       118;       175;       210;       208;       223;       209;       155;       117;        61;        45;      1659;
      1279;1981-2010;        47;        74;       113;       171;       205;       210;       230;       210;       153;       110;        51;        33;      1607;
      1292;1981-2010;        45;        74;       108;       167;       205;       201;       222;       211;       152;       106;        47;        36;      1574;
      1297;1981-2010;        42;        68;       104;       162;       197;       195;       207;       194;       135;        96;        41;        29;      1470;
      1300;1981-2010;        45;        74;       108;       158;       191;       188;       202;       188;       132;        98;        46;        35;      1465;
      1303;1981-2010;        55;        73;       110;       162;       202;       186;       211;       189;       138;       111;        57;        41;      1533;
      1327;1981-2010;        54;        79;       115;       167;       190;       193;       208;       192;       142;       108;        59;        41;      1548;
      1332;1981-2010;        56;        83;       121;       173;       213;       209;       234;       216;       155;       113;        55;        45;      1673;
      1346;1981-2010;        96;        98;       119;       148;       169;       180;       212;       199;       149;       127;        88;        76;      1661;
      1357;1981-2010;        43;        69;       101;       165;       203;       198;       216;       208;       147;       105;        47;        35;      1537;
      1358;1981-2010;        69;        79;       101;       156;       182;       170;       195;       193;       139;       111;        61;        62;      1517;
      1420;1981-2010;        50;        80;       121;       178;       211;       219;       233;       219;       156;       103;        51;        41;      1662;
      1443;1981-2010;        63;        90;       127;       167;       204;       220;       251;       233;       172;       118;        71;        54;      1768;
      1451;1981-2010;        45;        68;       109;       174;       223;       198;       214;       198;       137;       103;        52;        35;      1556;
      1468;1981-2010;        72;        88;       121;       159;       189;       204;       225;       216;       162;       116;        73;        55;      1680;
      1526;1981-2010;        40;        69;       105;       165;       197;       200;       213;       197;       138;        94;        38;        27;      1483;
      1544;1981-2010;        49;        71;       108;       170;       218;       208;       215;       202;       145;       108;        51;        38;      1583;
      1550;1981-2010;        75;       107;       137;       160;       181;       180;       210;       195;       161;       139;        80;        52;      1677;
      1580;1981-2010;        48;        81;       125;       175;       206;       215;       231;       217;       153;        98;        49;        37;      1635;
      1590;1981-2010;        53;        76;       112;       168;       205;       198;       211;       192;       135;       110;        57;        51;      1568;
      1602;1981-2010;        51;        77;       124;       165;       198;       219;       240;       223;       161;       103;        56;        37;      1654;
      1612;1981-2010;        68;        81;       115;       174;       215;       199;       217;       209;       152;       117;        67;        55;      1669;
      1619;1981-2010;        43;        76;       119;       177;       208;       212;       232;       219;       156;       100;        47;        34;      1623;
      1639;1981-2010;        46;        77;       117;       177;       204;       214;       227;       211;       147;        98;        45;        36;      1600;
      1645;1981-2010;        41;        71;       108;       165;       195;       195;       209;       196;       139;        97;        41;        31;      1488;
      1667;1981-2010;        45;        68;       108;       174;       224;       199;       216;       201;       140;       104;        52;        35;      1566;
      1684;1981-2010;        62;        78;       120;       181;       224;       211;       230;       222;       153;       124;        63;        50;      1718;
      1691;1981-2010;        49;        72;       106;       162;       198;       195;       205;       191;       137;       102;        50;        38;      1502;
      1735;1981-2010;        59;        85;       117;       170;       205;       200;       222;       209;       153;       121;        58;        48;      1647;
      1736;1981-2010;        40;        65;       108;       174;       228;       205;       223;       206;       145;       107;        50;        31;      1582;
      1757;1981-2010;        48;        66;       120;       188;       244;       222;       246;       218;       155;       114;        52;        39;      1711;
      1803;1981-2010;        47;        68;       117;       185;       246;       218;       235;       211;       152;       110;        53;        38;      1680;
      1832;1981-2010;        82;        87;       110;       154;       183;       175;       199;       193;       149;       132;        79;        73;      1616;
      1964;1981-2010;        42;        72;       113;       166;       192;       201;       219;       201;       145;        96;        47;        32;      1526;
      1975;1981-2010;        48;        68;       109;       172;       219;       197;       218;       205;       145;       108;        54;        38;      1580;
      1981;1981-2010;        45;        66;       106;       170;       222;       199;       218;       202;       143;       105;        49;        32;      1557;
      1990;1981-2010;        43;        66;       107;       170;       221;       197;       216;       201;       143;       105;        50;        33;      1552;
      1993;1981-2010;        40;        67;       103;       161;       201;       189;       202;       190;       134;        97;        43;        31;      1458;
      2014;1981-2010;        51;        72;       108;       166;       218;       206;       215;       200;       142;       107;        52;        39;      1575;
      2039;1981-2010;        41;        62;       101;       159;       199;       193;       202;       190;       130;        91;        36;        31;      1435;
      2074;1981-2010;        65;        74;       121;       161;       193;       204;       228;       217;       159;       109;        65;        47;      1643;
      2080;1981-2010;        46;        78;       118;       173;       206;       215;       233;       219;       157;       101;        50;        35;      1631;
      2110;1981-2010;        56;        77;       114;       164;       194;       196;       211;       194;       142;       111;        60;        44;      1563;
      2115;1981-2010;        50;        78;       127;       195;       252;       234;       245;       223;       154;       107;        55;        39;      1757;
      2120;1981-2010;        49;        73;       109;       168;       215;       205;       216;       203;       143;       109;        50;        39;      1579;
      2147;1981-2010;        52;        80;       110;       164;       213;       199;       213;       203;       143;       110;        57;        40;      1583;
      2167;1981-2010;        48;        79;       117;       168;       198;       205;       223;       207;       151;       102;        53;        38;      1589;
      2171;1981-2010;        45;        70;       100;       158;       190;       191;       203;       186;       132;        89;        41;        32;      1437;
      2173;1981-2010;        50;        72;       108;       160;       194;       186;       201;       184;       135;       105;        53;        40;      1488;
      2206;1981-2010;        44;        69;       104;       162;       204;       194;       206;       194;       137;       100;        45;        34;      1493;
      2211;1981-2010;        47;        75;       109;       162;       189;       192;       207;       192;       138;       100;        48;        36;      1495;
      2250;1981-2010;        50;        78;       112;       170;       207;       203;       225;       209;       149;       112;        49;        40;      1604;
      2260;1981-2010;        48;        76;       110;       168;       203;       198;       214;       210;       153;       111;        49;        37;      1577;
      2261;1981-2010;        48;        77;       111;       169;       208;       198;       218;       212;       154;       110;        50;        38;      1591;
      2268;1981-2010;        42;        72;       108;       167;       202;       203;       221;       206;       147;        99;        42;        31;      1540;
      2290;1981-2010;        99;       104;       139;       169;       197;       203;       234;       215;       162;       134;        93;        80;      1829;
      2303;1981-2010;        43;        67;       112;       168;       229;       208;       230;       219;       149;       105;        54;        35;      1618;
      2306;1981-2010;        42;        63;       113;       181;       238;       215;       233;       213;       147;       107;        52;        33;      1637;
      2319;1981-2010;        71;        89;       124;       160;       195;       195;       224;       206;       154;       122;        71;        52;      1663;
      2324;1981-2010;        42;        69;       101;       155;       198;       183;       201;       191;       131;        98;        45;        31;      1445;
      2480;1981-2010;        43;        77;       118;       177;       208;       213;       231;       216;       154;       101;        46;        33;      1617;
      2483;1981-2010;        50;        76;        99;       153;       179;       177;       193;       176;       127;        94;        43;        41;      1409;
      2497;1981-2010;        54;        77;       111;       156;       184;       188;       207;       197;       141;       104;        59;        40;      1518;
      2522;1981-2010;        56;        88;       133;       182;       220;       232;       255;       239;       176;       112;        66;        46;      1805;
      2532;1981-2010;        44;        73;       111;       161;       198;       195;       206;       193;       138;        95;        43;        33;      1490;
      2542;1981-2010;        75;        94;       129;       163;       193;       196;       225;       208;       154;       212;        74;        58;      1781;
      2543;1981-2010;        66;        87;       127;       167;       202;       205;       232;       214;       156;       114;        66;        49;      1685;
      2559;1981-2010;        90;       100;       138;       168;       193;       196;       227;       213;       164;       131;        87;        72;      1779;
      2597;1981-2010;        37;        66;       103;       156;       199;       204;       222;       196;       138;        88;        37;        26;      1472;
      2600;1981-2010;        46;        77;       115;       172;       207;       209;       230;       215;       155;       102;        46;        34;      1608;
      2629;1981-2010;        50;        73;       110;       167;       207;       205;       216;       195;       138;       109;        55;        38;      1563;
      2657;1981-2010;        43;        71;       110;       164;       190;       198;       211;       195;       138;        93;        44;        32;      1489;
      2667;1981-2010;        56;        81;       112;       165;       195;       194;       210;       194;       143;       107;        61;        46;      1563;
      2680;1981-2010;        41;        71;       107;       165;       201;       201;       218;       204;       144;        97;        41;        31;      1521;
      2700;1981-2010;        51;        82;       124;       180;       219;       221;       242;       226;       163;       107;        49;        41;      1704;
      2712;1981-2010;        49;        78;       136;       179;       208;       226;       249;       226;       161;        98;        53;        41;      1703;
      2750;1981-2010;        42;        71;       103;       165;       201;       196;       214;       205;       144;       101;        42;        32;      1516;
      2812;1981-2010;        55;        84;       129;       174;       204;       228;       248;       230;       170;       103;        61;        42;      1728;
      2814;1981-2010;        67;        89;       123;       166;       198;       207;       232;       214;       157;       111;        64;        47;      1675;
      2925;1981-2010;        53;        76;       112;       164;       204;       198;       210;       200;       144;       107;        52;        39;      1559;
      2928;1981-2010;        58;        76;       113;       174;       218;       205;       222;       209;       150;       116;        58;        46;      1645;
      2932;1981-2010;        59;        76;       115;       178;       225;       212;       228;       211;       152;       119;        60;        48;      1683;
      2947;1981-2010;        45;        74;       105;       160;       189;       188;       202;       189;       133;        97;        44;        34;      1460;
      2950;1981-2010;        43;        64;       115;       183;       241;       218;       236;       214;       150;       109;        52;        34;      1659;
      2953;1981-2010;        76;        88;       128;       157;       181;       200;       228;       211;       162;       120;        76;        56;      1683;
      2968;1981-2010;        50;        75;       109;       163;       192;       193;       205;       192;       135;       102;        54;        40;      1510;
      3015;1981-2010;        55;        74;       121;       184;       231;       220;       240;       219;       156;       117;        56;        43;      1716;
      3018;1981-2010;        40;        78;       123;       178;       212;       212;       234;       224;       164;       106;        47;        34;      1652;
      3023;1981-2010;        47;        71;       104;       161;       201;       186;       201;       179;       132;       103;        53;        39;      1477;
      3028;1981-2010;        54;        74;       104;       158;       188;       180;       192;       188;       130;       101;        50;        43;      1461;
      3031;1981-2010;        58;        80;       115;       166;       200;       193;       207;       196;       140;       113;        61;        45;      1574;
      3032;1981-2010;        51;        76;       126;       190;       247;       222;       234;       216;       150;       103;        57;        43;      1715;
      3093;1981-2010;        49;        72;       113;       177;       232;       210;       225;       209;       140;       110;        52;        38;      1625;
      3126;1981-2010;        59;        79;       118;       177;       226;       221;       228;       212;       154;       116;        60;        49;      1699;
      3137;1981-2010;        45;        76;       119;       174;       203;       209;       226;       213;       152;        98;        48;        36;      1599;
      3155;1981-2010;        38;        74;       121;       167;       184;       196;       216;       194;       147;        96;        47;        30;      1511;
      3167;1981-2010;        48;        79;       109;       167;       194;       195;       214;       197;       141;       100;        47;        36;      1527;
      3196;1981-2010;        48;        68;       113;       179;       232;       211;       226;       207;       150;       111;        54;        39;      1638;
      3231;1981-2010;        43;        73;       110;       165;       199;       197;       214;       199;       146;       101;        42;        34;      1523;
      3244;1981-2010;        67;        89;       128;       165;       197;       205;       232;       213;       156;       114;        68;        52;      1686;
      3257;1981-2010;        51;        80;       118;       172;       208;       211;       232;       217;       158;       105;        52;        38;      1642;
      3271;1981-2010;        46;        77;       116;       173;       214;       211;       233;       216;       155;       108;        45;        38;      1631;
      3307;1981-2010;        80;       101;       132;       158;       183;       182;       211;       195;       156;       132;        81;        60;      1671;
      3366;1981-2010;        59;        88;       128;       175;       218;       216;       242;       220;       157;       114;        55;        47;      1717;
      3376;1981-2010;        50;        73;       120;       184;       233;       224;       251;       216;       156;       116;        54;        39;      1716;
      3379;1981-2010;        79;        96;       133;       170;       209;       210;       238;       220;       163;       125;        75;        59;      1777;
      3402;1981-2010;        67;        89;       123;       158;       187;       199;       223;       209;       160;       115;        70;        50;      1650;
      3442;1981-2010;        39;        71;       111;       174;       202;       207;       222;       209;       144;        93;        38;        29;      1539;
      3490;1981-2010;        47;        74;       114;       158;       181;       189;       208;       193;       141;       104;        55;        35;      1499;
      3509;1981-2010;        48;        69;       114;       177;       223;       209;       225;       208;       149;       111;        50;        37;      1620;
      3527;1981-2010;        45;        71;       106;       160;       191;       188;       204;       191;       137;        94;        44;        35;      1466;
      3537;1981-2010;        42;        65;       109;       176;       229;       206;       223;       207;       143;       105;        52;        34;      1591;
      3552;1981-2010;        49;        69;       116;       190;       237;       222;       235;       216;       155;       110;        48;        38;      1685;
      3578;1981-2010;        47;        80;       120;       179;       214;       216;       235;       219;       157;       104;        45;        37;      1653;
      3612;1981-2010;        41;        65;        97;       150;       176;       167;       177;       168;       117;        96;        46;        30;      1329;
      3621;1981-2010;        51;        76;       116;       165;       199;       205;       224;       205;       145;        96;        50;        38;      1570;
      3631;1981-2010;        50;        77;       127;       192;       237;       214;       224;       204;       148;       108;        56;        42;      1678;
      3667;1981-2010;        48;        79;       113;       171;       208;       209;       229;       214;       155;       107;        50;        36;      1619;
      3668;1981-2010;        58;        87;       117;       175;       216;       218;       235;       220;       161;       114;        57;        43;      1702;
      3730;1981-2010;        83;       100;       126;       146;       173;       174;       203;       182;       144;       126;        79;        69;      1605;
      3739;1981-2010;        51;        80;       114;       169;       207;       200;       223;       211;       154;       112;        52;        42;      1615;
      3761;1981-2010;        60;        87;       123;       174;       214;       221;       243;       224;       162;       116;        63;        49;      1735;
      3811;1981-2010;        61;        80;       117;       178;       222;       212;       228;       212;       151;       120;        64;        49;      1694;
      3875;1981-2010;        51;        82;       118;       174;       211;       210;       230;       216;       157;       109;        51;        40;      1649;
      3927;1981-2010;        58;        84;       129;       165;       202;       216;       242;       222;       166;       110;        62;        45;      1701;
      3939;1981-2010;        53;        82;       122;       170;       200;       211;       230;       216;       160;       105;        58;        42;      1649;
      3987;1981-2010;        55;        77;       120;       187;       232;       220;       242;       224;       160;       122;        60;        45;      1742;
      4063;1981-2010;        45;        73;       107;       163;       201;       185;       199;       188;       137;       104;        50;        37;      1489;
      4094;1981-2010;        56;        85;       130;       167;       205;       216;       243;       222;       161;       108;        60;        42;      1695;
      4104;1981-2010;        47;        78;       122;       181;       217;       216;       234;       219;       159;       103;        44;        36;      1655;
      4169;1981-2010;        49;        74;       121;       176;       199;       214;       230;       219;       162;        95;        52;        38;      1631;
      4175;1981-2010;        66;        86;       130;       167;       199;       221;       249;       230;       166;       115;        70;        52;      1751;
      4261;1981-2010;        66;        84;       124;       165;       207;       205;       236;       213;       151;       116;        66;        46;      1677;
      4271;1981-2010;        47;        65;       119;       192;       253;       228;       247;       222;       160;       109;        55;        38;      1735;
      4275;1981-2010;        43;        68;       106;       169;       215;       194;       210;       196;       142;       106;        49;        34;      1532;
      4278;1981-2010;        49;        79;       115;       172;       207;       208;       228;       215;       154;       106;        49;        36;      1618;
      4287;1981-2010;        50;        79;       118;       171;       207;       212;       233;       217;       159;       106;        52;        38;      1642;
      4301;1981-2010;        36;        71;       117;       171;       201;       210;       224;       207;       145;        90;        43;        28;      1543;
      4318;1981-2010;        47;        61;        91;       112;       143;       136;       166;       157;       118;        98;        53;        37;      1220;
      4323;1981-2010;        50;        79;       121;       172;       201;       207;       224;       211;       154;       101;        55;        41;      1616;
      4336;1981-2010;        52;        84;       124;       176;       206;       221;       242;       222;       163;       107;        57;        42;      1696;
      4350;1981-2010;        53;        79;       126;       163;       200;       221;       247;       225;       160;       109;        59;        43;      1684;
      4354;1981-2010;        55;        86;       121;       177;       216;       213;       236;       221;       160;       122;        55;        44;      1706;
      4371;1981-2010;        50;        77;       106;       161;       200;       187;       200;       189;       134;       103;        52;        40;      1496;
      4377;1981-2010;        46;        75;       108;       165;       200;       200;       217;       203;       145;       100;        45;        36;      1540;
      4393;1981-2010;        38;        68;       117;       185;       238;       214;       225;       208;       144;        97;        45;        30;      1609;
      4411;1981-2010;        51;        81;       127;       182;       211;       216;       239;       226;       163;       116;        53;        39;      1704;
      4442;1981-2010;        32;        59;       100;       155;       196;       179;       195;       194;       133;        86;        36;        23;      1387;
      4466;1981-2010;        45;        65;       111;       178;       233;       210;       226;       209;       141;       101;        56;        39;      1614;
      4501;1981-2010;        48;        69;        96;       147;       184;       174;       189;       185;       132;        91;        44;        41;      1400;
      4508;1981-2010;        53;        80;       114;       159;       185;       188;       204;       192;       146;       107;        59;        43;      1530;
      4549;1981-2010;        75;        88;       120;       149;       182;       199;       225;       241;       161;       122;        78;        58;      1698;
      4560;1981-2010;        18;        47;        97;       167;       196;       195;       212;       196;       123;        65;        16;        12;      1343;
      4592;1981-2010;        45;        76;       114;       171;       208;       206;       228;       212;       152;       105;        45;        35;      1597;
      4597;1981-2010;        67;        85;       120;       153;       179;       177;       212;       194;       144;       116;        71;        51;      1569;
      4625;1981-2010;        46;        68;       116;       182;       239;       215;       227;       205;       153;       109;        53;        38;      1651;
      4642;1981-2010;        49;        72;       114;       177;       230;       214;       225;       206;       149;       111;        52;        38;      1637;
      4651;1981-2010;        42;        67;       101;       158;       198;       190;       202;       190;       133;        95;        41;        32;      1449;
      4692;1981-2010;        46;        74;       108;       164;       192;       193;       209;       193;       137;        97;        46;        35;      1494;
      4703;1981-2010;        61;        85;       125;       164;       196;       210;       234;       218;       161;       110;        64;        46;      1674;
      4706;1981-2010;        48;        78;       126;       178;       217;       213;       243;       218;       159;       115;        50;        41;      1686;
      4745;1981-2010;        46;        69;       104;       166;       220;       191;       210;       199;       135;       105;        51;        34;      1531;
      4887;1981-2010;        69;        85;       121;       172;       206;       219;       242;       225;       162;       111;        65;        49;      1727;
      4896;1981-2010;        42;        65;       111;       179;       234;       213;       228;       210;       144;       103;        55;        37;      1621;
      4926;1981-2010;        66;        88;       124;       169;       205;       218;       237;       223;       159;       112;        68;        51;      1720;
      4928;1981-2010;        70;        93;       126;       169;       201;       210;       242;       223;       161;       114;        75;        57;      1741;
      4931;1981-2010;        68;        89;       126;       164;       201;       214;       234;       220;       162;       112;        70;        52;      1712;
      5014;1981-2010;        44;        68;       107;       169;       215;       195;       210;       195;       141;       105;        50;        35;      1534;
      5017;1981-2010;        50;        75;       106;       162;       198;       190;       210;       201;       146;       106;        50;        40;      1534;
      5029;1981-2010;        47;        80;       119;       173;       202;       214;       234;       216;       157;       101;        51;        39;      1633;
      5064;1981-2010;        53;        76;       111;       166;       198;       195;       209;       192;       137;       108;        56;        41;      1542;
      5100;1981-2010;        46;        74;       120;       175;       202;       214;       232;       212;       153;        95;        46;        36;      1605;
      5111;1981-2010;        65;        87;       123;       168;       204;       199;       230;       211;       155;       119;        65;        48;      1674;
      5142;1981-2010;        49;        68;       122;       191;       245;       223;       246;       218;       157;       112;        52;        36;      1719;
      5155;1981-2010;        56;        87;       122;       170;       206;       215;       241;       219;       152;        96;        52;        42;      1659;
      5165;1981-2010;        46;        70;       108;       168;       216;       200;       214;       201;       146;       108;        52;        36;      1565;
      5185;1981-2010;        51;        80;       112;       170;       209;       209;       229;       213;       154;       108;        52;        36;      1623;
      5229;1981-2010;        67;        85;       122;       155;       187;       205;       227;       213;       161;       115;        71;        51;      1659;
      5279;1981-2010;        34;        63;        99;       159;       196;       190;       203;       190;       128;        86;        35;        24;      1407;
      5280;1981-2010;        42;        65;       108;       174;       227;       203;       220;       205;       143;       106;        51;        34;      1578;
      5371;1981-2010;        59;        82;       105;       164;       198;       196;       212;       201;       143;       106;        53;        48;      1567;
      5397;1981-2010;        46;        77;       108;       168;       207;       197;       221;       214;       154;       110;        45;        36;      1584;
      5426;1981-2010;        60;        86;       126;       173;       200;       212;       236;       220;       162;       119;        66;        52;      1711;
      5433;1981-2010;        47;        78;       118;       170;       196;       208;       227;       210;       153;       101;        52;        39;      1599;
      5440;1981-2010;        59;        85;       123;       179;       214;       218;       235;       221;       164;       112;        57;        44;      1711;
      5467;1981-2010;       115;       118;       130;       147;       172;       160;       193;       187;       153;       156;       105;        96;      1731;
      5540;1981-2010;        43;        75;       116;       174;       203;       209;       226;       212;       149;        96;        44;        33;      1580;
      5610;1981-2010;        51;        80;       104;       150;       184;       179;       196;       187;       133;        96;        48;        38;      1445;
      5629;1981-2010;        57;        77;       115;       178;       222;       212;       228;       215;       154;       116;        59;        45;      1678;
      5654;1981-2010;        49;        79;       120;       171;       212;       212;       236;       227;       164;       110;        54;        39;      1671;
      5664;1981-2010;        58;        80;       115;       151;       174;       191;       210;       202;       155;       110;        64;        40;      1550;
      5676;1981-2010;        48;        71;       109;       169;       216;       207;       217;       204;       145;       110;        50;        36;      1582;
      5692;1981-2010;        47;        79;       121;       178;       210;       216;       234;       220;       159;       102;        52;        37;      1655;
      5705;1981-2010;        54;        84;       119;       172;       207;       208;       229;       214;       158;       104;        52;        41;      1640;
      5717;1981-2010;        55;        78;       110;       161;       193;       187;       202;       187;       137;       108;        58;        45;      1521;
      5731;1981-2010;        59;        83;       123;       163;       192;       212;       240;       221;       160;       113;        62;        42;      1670;
      5745;1981-2010;        50;        70;       116;       183;       229;       216;       234;       213;       152;       112;        52;        37;      1664;
      5779;1981-2010;        49;        67;       101;       159;       198;       187;       207;       200;       140;       104;        40;        37;      1489;
      5792;1981-2010;       136;       139;       157;       166;       175;       154;       182;       175;       170;       178;       130;       118;      1878;
      5906;1981-2010;        55;        84;       125;       182;       212;       220;       236;       223;       165;       109;        59;        45;      1715;
      6159;1981-2010;        44;        71;       110;       170;       213;       192;       205;       191;       139;       104;        51;        36;      1526;
     14311;1981-2010;        36;        75;       110;       149;       180;       181;       196;       190;       139;        97;        50;        26;      1430;